rate:0.791667
length:8821.185965
