rate:0.625000
length:3876.411389
